25 0.18269230769230768 0.375 0.2091346153846154 0.38461538461538464
5 0.3269230769230769 0.4014423076923077 0.1971153846153846 0.375
22 0.4735576923076923 0.4254807692307692 0.20192307692307693 0.375
11 0.6826923076923077 0.46153846153846156 0.20432692307692307 0.3701923076923077
37 0.9375 0.5048076923076923 0.1201923076923077 0.37259615384615385
46 0.8317307692307693 0.4855769230769231 0.20192307692307693 0.3701923076923077
29 0.5240384615384616 0.6730769230769231 0.0673076923076923 0.11538461538461539
30 0.5769230769230769 0.6850961538461539 0.0673076923076923 0.10817307692307693
17 0.6826923076923077 0.7019230769230769 0.06490384615384616 0.10817307692307693
21 0.6298076923076923 0.6947115384615384 0.06009615384615385 0.10817307692307693
7 0.7355769230769231 0.7115384615384616 0.06490384615384616 0.10817307692307693