25 0.171875 0.3173076923076923 0.2932692307692308 0.40625
5 0.3245192307692308 0.33533653846153844 0.27884615384615385 0.3942307692307692
22 0.4723557692307692 0.35336538461538464 0.2860576923076923 0.39663461538461536
11 0.6875 0.38461538461538464 0.2860576923076923 0.3918269230769231
37 0.9254807692307693 0.41947115384615385 0.14903846153846154 0.38221153846153844
46 0.8413461538461539 0.40024038461538464 0.28125 0.3918269230769231
29 0.4855769230769231 0.5961538461538461 0.09134615384615384 0.12259615384615384
30 0.5420673076923077 0.6057692307692307 0.09134615384615384 0.11538461538461539
17 0.6502403846153846 0.6153846153846154 0.0889423076923077 0.11778846153846154
21 0.5961538461538461 0.6117788461538461 0.08413461538461539 0.11538461538461539
7 0.7043269230769231 0.625 0.09134615384615384 0.11778846153846154