25 0.1971153846153846 0.27884615384615385 0.25 0.37740384615384615
5 0.34615384615384615 0.31490384615384615 0.23557692307692307 0.36778846153846156
22 0.49038461538461536 0.35096153846153844 0.24278846153846154 0.3701923076923077
11 0.6995192307692307 0.40865384615384615 0.24278846153846154 0.36538461538461536
37 0.9375 0.4735576923076923 0.11778846153846154 0.3701923076923077
46 0.8509615384615384 0.4423076923076923 0.23798076923076922 0.36538461538461536
29 0.4735576923076923 0.59375 0.07932692307692307 0.11298076923076923
30 0.5288461538461539 0.6105769230769231 0.07932692307692307 0.10576923076923077
17 0.6346153846153846 0.6322115384615384 0.07692307692307693 0.10817307692307693
21 0.5817307692307693 0.6225961538461539 0.07211538461538461 0.10817307692307693
7 0.6875 0.6490384615384616 0.07932692307692307 0.10817307692307693