25 0.16466346153846154 0.4375 0.27884615384615385 0.4182692307692308
5 0.3112980769230769 0.4362980769230769 0.2644230769230769 0.40625
22 0.46033653846153844 0.43149038461538464 0.2692307692307692 0.40625
11 0.671875 0.42788461538461536 0.27163461538461536 0.4014423076923077
37 0.9170673076923077 0.4206730769230769 0.1658653846153846 0.3894230769230769
46 0.8233173076923077 0.4230769230769231 0.2692307692307692 0.4014423076923077
29 0.5564903846153846 0.6658653846153846 0.0889423076923077 0.125
30 0.6105769230769231 0.6670673076923077 0.08653846153846154 0.1201923076923077
17 0.7175480769230769 0.6634615384615384 0.08413461538461539 0.11778846153846154
21 0.6646634615384616 0.6658653846153846 0.07932692307692307 0.11778846153846154
7 0.7716346153846154 0.6622596153846154 0.08413461538461539 0.11778846153846154