25 0.25 0.22115384615384615 0.32211538461538464 0.4206730769230769
5 0.38822115384615385 0.28725961538461536 0.3076923076923077 0.40865384615384615
22 0.5216346153846154 0.35216346153846156 0.31490384615384615 0.41346153846153844
11 0.7139423076923077 0.4519230769230769 0.3125 0.40865384615384615
37 0.9182692307692307 0.5637019230769231 0.16346153846153846 0.3870192307692308
46 0.8509615384615384 0.515625 0.2980769230769231 0.40625
29 0.4543269230769231 0.5865384615384616 0.10096153846153846 0.12740384615384615
30 0.5048076923076923 0.6141826923076923 0.0985576923076923 0.1201923076923077
17 0.6045673076923077 0.6574519230769231 0.0985576923076923 0.12259615384615384
21 0.5540865384615384 0.6370192307692307 0.09375 0.1201923076923077
7 0.6526442307692307 0.6850961538461539 0.10096153846153846 0.12259615384615384