24 0.5733173076923077 0.4579326923076923 0.18990384615384615 0.11778846153846154
24 0.23918269230769232 0.59375 0.18509615384615385 0.12980769230769232
24 0.46033653846153844 0.5949519230769231 0.20192307692307693 0.12980769230769232
24 0.6742788461538461 0.5949519230769231 0.16105769230769232 0.11538461538461539
24 0.8509615384615384 0.6045673076923077 0.13942307692307693 0.10817307692307693
24 0.1310096153846154 0.7319711538461539 0.21153846153846154 0.13221153846153846
24 0.35697115384615385 0.7355769230769231 0.1875 0.12259615384615384
24 0.5805288461538461 0.7271634615384616 0.19230769230769232 0.11057692307692307
24 0.7728365384615384 0.7259615384615384 0.13942307692307693 0.10817307692307693
2 0.19591346153846154 0.5769230769230769 0.02403846153846154 0.06490384615384616
31 0.16706730769230768 0.578125 0.026442307692307692 0.0673076923076923
27 0.23197115384615385 0.5817307692307693 0.03365384615384615 0.07451923076923077
37 0.25841346153846156 0.5841346153846154 0.03125 0.06971153846153846
42 0.2848557692307692 0.5853365384615384 0.028846153846153848 0.06971153846153846
39 0.3112980769230769 0.5877403846153846 0.021634615384615384 0.06490384615384616
18 0.6141826923076923 0.5793269230769231 0.028846153846153848 0.06009615384615385
48 0.5492788461538461 0.44591346153846156 0.03365384615384615 0.06490384615384616
13 0.578125 0.4483173076923077 0.036057692307692304 0.06971153846153846