24 0.5685096153846154 0.4495192307692308 0.20192307692307693 0.13942307692307693
24 0.25240384615384615 0.625 0.19951923076923078 0.15144230769230768
24 0.4723557692307692 0.5985576923076923 0.21634615384615385 0.15384615384615385
24 0.6850961538461539 0.5733173076923077 0.17307692307692307 0.1346153846153846
24 0.8605769230769231 0.5612980769230769 0.15144230769230768 0.125
24 0.1622596153846154 0.7752403846153846 0.22596153846153846 0.15625
24 0.3870192307692308 0.7512019230769231 0.19951923076923078 0.14423076923076922
24 0.6081730769230769 0.7151442307692307 0.20192307692307693 0.1346153846153846
24 0.7992788461538461 0.6911057692307693 0.15144230769230768 0.125
2 0.20793269230769232 0.6141826923076923 0.03365384615384615 0.0673076923076923
31 0.17908653846153846 0.6177884615384616 0.036057692307692304 0.06971153846153846
27 0.2439903846153846 0.6141826923076923 0.040865384615384616 0.07932692307692307
37 0.2704326923076923 0.6117788461538461 0.038461538461538464 0.07211538461538461
42 0.296875 0.6105769230769231 0.036057692307692304 0.07211538461538461
39 0.3233173076923077 0.609375 0.03125 0.0673076923076923
18 0.6237980769230769 0.5649038461538461 0.036057692307692304 0.0625
48 0.5420673076923077 0.4411057692307692 0.04326923076923077 0.06971153846153846
13 0.5721153846153846 0.4387019230769231 0.04326923076923077 0.07451923076923077