24 0.5745192307692307 0.45913461538461536 0.1875 0.11538461538461539
24 0.23798076923076922 0.5889423076923077 0.18269230769230768 0.12740384615384615
24 0.45913461538461536 0.59375 0.19951923076923078 0.12740384615384615
24 0.6730769230769231 0.5985576923076923 0.15865384615384615 0.11298076923076923
24 0.8485576923076923 0.6105769230769231 0.13701923076923078 0.10576923076923077
24 0.12740384615384615 0.7259615384615384 0.2091346153846154 0.12740384615384615
24 0.35336538461538464 0.7331730769230769 0.18509615384615385 0.1201923076923077
24 0.5769230769230769 0.7283653846153846 0.18990384615384615 0.10817307692307693
24 0.7692307692307693 0.7307692307692307 0.13701923076923078 0.10576923076923077
2 0.19471153846153846 0.5721153846153846 0.02403846153846154 0.06490384615384616
31 0.1658653846153846 0.5721153846153846 0.026442307692307692 0.0673076923076923
27 0.23076923076923078 0.5769230769230769 0.03125 0.07451923076923077
37 0.25721153846153844 0.5793269230769231 0.028846153846153848 0.06971153846153846
42 0.28365384615384615 0.5817307692307693 0.026442307692307692 0.06971153846153846
39 0.31009615384615385 0.5841346153846154 0.021634615384615384 0.06490384615384616
18 0.6129807692307693 0.5817307692307693 0.028846153846153848 0.06009615384615385
48 0.5504807692307693 0.44711538461538464 0.03365384615384615 0.06490384615384616
13 0.5793269230769231 0.4495192307692308 0.03365384615384615 0.06971153846153846