37 0.7728365384615384 0.5600961538461539 0.4110576923076923 0.6201923076923077
48 0.8581730769230769 0.5853365384615384 0.28365384615384615 0.5985576923076923
18 0.18509615384615385 0.4651442307692308 0.3701923076923077 0.6225961538461539
5 0.43990384615384615 0.5120192307692307 0.4182692307692308 0.6274038461538461
39 0.6346153846153846 0.5480769230769231 0.40384615384615385 0.6105769230769231
6 0.29927884615384615 0.49158653846153844 0.41586538461538464 0.6298076923076923
4 0.4362980769230769 0.9086538461538461 0.13221153846153846 0.18269230769230768
21 0.7439903846153846 0.9338942307692307 0.14182692307692307 0.13221153846153846
20 0.38100961538461536 0.8966346153846154 0.1466346153846154 0.18990384615384615
16 0.6959134615384616 0.9326923076923077 0.12259615384615384 0.1346153846153846
19 0.5961538461538461 0.9230769230769231 0.13942307692307693 0.15384615384615385
4 0.5504807692307693 0.9170673076923077 0.13942307692307693 0.1658653846153846
6 0.49158653846153844 0.9158653846153846 0.13221153846153846 0.16826923076923078
19 0.6538461538461539 0.9278846153846154 0.13942307692307693 0.14423076923076922