37 0.7740384615384616 0.4110576923076923 0.19951923076923078 0.5384615384615384
48 0.9158653846153846 0.40384615384615385 0.16346153846153846 0.5384615384615384
18 0.1346153846153846 0.4807692307692308 0.20192307692307693 0.5384615384615384
5 0.42788461538461536 0.4519230769230769 0.20432692307692307 0.5432692307692307
39 0.6298076923076923 0.4375 0.19230769230769232 0.5288461538461539
6 0.27884615384615385 0.47115384615384615 0.1971153846153846 0.5504807692307693
4 0.46153846153846156 0.8389423076923077 0.0673076923076923 0.16346153846153846
21 0.7788461538461539 0.8100961538461539 0.07451923076923077 0.17067307692307693
20 0.39903846153846156 0.8461538461538461 0.07932692307692307 0.16346153846153846
16 0.7307692307692307 0.8173076923076923 0.057692307692307696 0.16346153846153846
19 0.6298076923076923 0.8269230769230769 0.07211538461538461 0.16826923076923078
4 0.5769230769230769 0.8317307692307693 0.06971153846153846 0.17307692307692307
6 0.5144230769230769 0.8389423076923077 0.06971153846153846 0.15865384615384615
19 0.6875 0.8221153846153846 0.07211538461538461 0.17307692307692307