37 0.7728365384615384 0.43990384615384615 0.38461538461538464 0.6129807692307693
48 0.8653846153846154 0.41466346153846156 0.2692307692307692 0.59375
18 0.18629807692307693 0.6105769230769231 0.37259615384615385 0.6153846153846154
5 0.45072115384615385 0.5360576923076923 0.3918269230769231 0.6201923076923077
39 0.6418269230769231 0.48677884615384615 0.37740384615384615 0.6033653846153846
6 0.31490384615384615 0.578125 0.3894230769230769 0.6225961538461539
4 0.6165865384615384 0.8990384615384616 0.125 0.18509615384615385
21 0.9194711538461539 0.8197115384615384 0.1346153846153846 0.1971153846153846
20 0.5600961538461539 0.9086538461538461 0.13942307692307693 0.18269230769230768
16 0.8737980769230769 0.8341346153846154 0.11538461538461539 0.18509615384615385
19 0.7764423076923077 0.8629807692307693 0.13221153846153846 0.19471153846153846
4 0.7295673076923077 0.8713942307692307 0.12980769230769232 0.19230769230769232
6 0.6730769230769231 0.8870192307692307 0.125 0.18269230769230768
19 0.8329326923076923 0.8497596153846154 0.13221153846153846 0.1971153846153846