37 0.7788461538461539 0.49278846153846156 0.28125 0.5697115384615384
48 0.8942307692307693 0.49038461538461536 0.20432692307692307 0.5649038461538461
18 0.16826923076923078 0.5480769230769231 0.2764423076923077 0.5721153846153846
5 0.44471153846153844 0.5264423076923077 0.28846153846153844 0.5745192307692307
39 0.6418269230769231 0.5144230769230769 0.2764423076923077 0.5600961538461539
6 0.30288461538461536 0.5408653846153846 0.28365384615384615 0.5793269230769231
4 0.5384615384615384 0.9134615384615384 0.09375 0.17067307692307693
21 0.8509615384615384 0.8942307692307693 0.10096153846153846 0.18028846153846154
20 0.4807692307692308 0.9134615384615384 0.10817307692307693 0.16826923076923078
16 0.8028846153846154 0.8990384615384616 0.08413461538461539 0.17307692307692307
19 0.7019230769230769 0.9086538461538461 0.0985576923076923 0.18028846153846154
4 0.6538461538461539 0.9086538461538461 0.0985576923076923 0.1778846153846154
6 0.5961538461538461 0.9134615384615384 0.09375 0.16826923076923078
19 0.7596153846153846 0.90625 0.0985576923076923 0.18269230769230768