37 0.7872596153846154 0.47475961538461536 0.31490384615384615 0.5697115384615384
48 0.8930288461538461 0.5 0.21394230769230768 0.5625
18 0.15264423076923078 0.39783653846153844 0.30528846153846156 0.5697115384615384
5 0.4411057692307692 0.4375 0.32211538461538464 0.5745192307692307
39 0.640625 0.46875 0.30528846153846156 0.5576923076923077
6 0.29086538461538464 0.421875 0.31490384615384615 0.5817307692307693
4 0.3858173076923077 0.8221153846153846 0.10336538461538461 0.17548076923076922
21 0.7019230769230769 0.8653846153846154 0.11057692307692307 0.18269230769230768
20 0.3233173076923077 0.8149038461538461 0.11298076923076923 0.1778846153846154
16 0.6538461538461539 0.8605769230769231 0.09375 0.17307692307692307
19 0.5528846153846154 0.8473557692307693 0.10817307692307693 0.18028846153846154
4 0.5 0.8401442307692307 0.10576923076923077 0.18509615384615385
6 0.4375 0.8329326923076923 0.10336538461538461 0.17067307692307693
19 0.6105769230769231 0.8557692307692307 0.10817307692307693 0.18509615384615385