37 0.7764423076923077 0.4206730769230769 0.21875 0.5456730769230769
48 0.9134615384615384 0.4182692307692308 0.17307692307692307 0.5432692307692307
18 0.13581730769230768 0.4675480769230769 0.22115384615384615 0.5456730769230769
5 0.42908653846153844 0.4495192307692308 0.22355769230769232 0.5504807692307693
39 0.6322115384615384 0.4423076923076923 0.21153846153846154 0.5360576923076923
6 0.2800480769230769 0.4639423076923077 0.21634615384615385 0.5576923076923077
4 0.4495192307692308 0.8377403846153846 0.07211538461538461 0.1658653846153846
21 0.7680288461538461 0.8197115384615384 0.07932692307692307 0.17307692307692307
20 0.3870192307692308 0.8425480769230769 0.08413461538461539 0.1658653846153846
16 0.7199519230769231 0.8257211538461539 0.0625 0.1658653846153846
19 0.6177884615384616 0.8317307692307693 0.07692307692307693 0.17067307692307693
4 0.5649038461538461 0.8341346153846154 0.07451923076923077 0.17548076923076922
6 0.5024038461538461 0.8389423076923077 0.07451923076923077 0.16105769230769232
19 0.6766826923076923 0.828125 0.07692307692307693 0.17548076923076922