11 0.6177884615384616 0.546875 0.2692307692307692 0.38221153846153844
30 0.2536057692307692 0.5637019230769231 0.2860576923076923 0.39663461538461536
7 0.36177884615384615 0.5625 0.27163461538461536 0.3894230769230769
37 0.7259615384615384 0.546875 0.2692307692307692 0.3798076923076923
25 0.46634615384615385 0.5612980769230769 0.2668269230769231 0.38221153846153844
13 0.8341346153846154 0.5480769230769231 0.2692307692307692 0.3798076923076923
0 0.4050480769230769 0.8064903846153846 0.0889423076923077 0.11538461538461539
29 0.5192307692307693 0.8004807692307693 0.08413461538461539 0.11778846153846154
7 0.5564903846153846 0.8016826923076923 0.08413461538461539 0.11538461538461539
8 0.5961538461538461 0.7980769230769231 0.08413461538461539 0.11298076923076923
7 0.7127403846153846 0.7956730769230769 0.08653846153846154 0.1201923076923077
26 0.4831730769230769 0.8064903846153846 0.0889423076923077 0.1201923076923077
4 0.6322115384615384 0.8016826923076923 0.0889423076923077 0.11778846153846154
7 0.44350961538461536 0.8076923076923077 0.08173076923076923 0.11057692307692307
21 0.671875 0.8016826923076923 0.0889423076923077 0.11778846153846154