11 0.5192307692307693 0.6514423076923077 0.19951923076923078 0.37259615384615385
30 0.16947115384615385 0.5276442307692307 0.21394230769230768 0.38221153846153844
7 0.27163461538461536 0.5697115384615384 0.19951923076923078 0.375
37 0.6213942307692307 0.6923076923076923 0.19951923076923078 0.3701923076923077
25 0.3737980769230769 0.6057692307692307 0.1971153846153846 0.3701923076923077
13 0.7283653846153846 0.7331730769230769 0.19951923076923078 0.3701923076923077
0 0.23918269230769232 0.8137019230769231 0.0673076923076923 0.11298076923076923
29 0.35096153846153844 0.8569711538461539 0.0625 0.11298076923076923
7 0.38461538461538464 0.8689903846153846 0.0625 0.11057692307692307
8 0.42427884615384615 0.8822115384615384 0.06009615384615385 0.10817307692307693
7 0.5336538461538461 0.9194711538461539 0.06490384615384616 0.11538461538461539
26 0.3137019230769231 0.84375 0.0673076923076923 0.11778846153846154
4 0.46033653846153844 0.8966346153846154 0.06490384615384616 0.11538461538461539
7 0.27524038461538464 0.8305288461538461 0.057692307692307696 0.10576923076923077
21 0.4963942307692308 0.9098557692307693 0.06490384615384616 0.11538461538461539