11 0.5504807692307693 0.6442307692307693 0.12980769230769232 0.35336538461538464
30 0.18269230769230768 0.5961538461538461 0.14182692307692307 0.3605769230769231
7 0.29086538461538464 0.6153846153846154 0.12740384615384615 0.3557692307692308
37 0.6586538461538461 0.6634615384615384 0.12980769230769232 0.35096153846153844
25 0.39903846153846156 0.6298076923076923 0.12740384615384615 0.35096153846153844
13 0.7716346153846154 0.6802884615384616 0.12980769230769232 0.35096153846153844
0 0.31009615384615385 0.8605769230769231 0.04567307692307692 0.10576923076923077
29 0.42788461538461536 0.8798076923076923 0.040865384615384616 0.10576923076923077
7 0.4639423076923077 0.8846153846153846 0.040865384615384616 0.10336538461538461
8 0.5048076923076923 0.8894230769230769 0.040865384615384616 0.10096153846153846
7 0.6201923076923077 0.9038461538461539 0.04326923076923077 0.10817307692307693
26 0.3894230769230769 0.875 0.04567307692307692 0.11057692307692307
4 0.5432692307692307 0.8966346153846154 0.04326923076923077 0.10817307692307693
7 0.3485576923076923 0.8701923076923077 0.038461538461538464 0.10096153846153846
21 0.5817307692307693 0.9014423076923077 0.04326923076923077 0.10817307692307693