11 0.625 0.5192307692307693 0.1971153846153846 0.34615384615384615
30 0.27403846153846156 0.6177884615384616 0.21153846153846154 0.3581730769230769
7 0.3798076923076923 0.5913461538461539 0.1971153846153846 0.35336538461538464
37 0.7307692307692307 0.4951923076923077 0.1971153846153846 0.34375
25 0.4807692307692308 0.5673076923076923 0.19471153846153846 0.34615384615384615
13 0.8365384615384616 0.47115384615384615 0.1971153846153846 0.34375
0 0.47596153846153844 0.8197115384615384 0.0673076923076923 0.10336538461538461
29 0.5865384615384616 0.7884615384615384 0.0625 0.10576923076923077
7 0.6225961538461539 0.78125 0.0625 0.10336538461538461
8 0.6610576923076923 0.7692307692307693 0.0625 0.10096153846153846
7 0.7740384615384616 0.7403846153846154 0.06490384615384616 0.10817307692307693
26 0.5528846153846154 0.8028846153846154 0.0673076923076923 0.10817307692307693
4 0.6971153846153846 0.7644230769230769 0.0673076923076923 0.10576923076923077
7 0.5144230769230769 0.8125 0.06009615384615385 0.0985576923076923
21 0.7355769230769231 0.7548076923076923 0.0673076923076923 0.10576923076923077