11 0.6262019230769231 0.5036057692307693 0.23798076923076922 0.36778846153846156
30 0.28966346153846156 0.6442307692307693 0.2548076923076923 0.38221153846153844
7 0.3918269230769231 0.6057692307692307 0.23798076923076922 0.375
37 0.7283653846153846 0.4675480769230769 0.23798076923076922 0.36538461538461536
25 0.4891826923076923 0.5697115384615384 0.23557692307692307 0.36778846153846156
13 0.8305288461538461 0.43028846153846156 0.23798076923076922 0.36538461538461536
0 0.515625 0.8197115384615384 0.07932692307692307 0.11057692307692307
29 0.6213942307692307 0.7752403846153846 0.07451923076923077 0.11298076923076923
7 0.65625 0.7644230769230769 0.07451923076923077 0.11057692307692307
8 0.6923076923076923 0.7475961538461539 0.07451923076923077 0.10817307692307693
7 0.8016826923076923 0.7055288461538461 0.07692307692307693 0.11538461538461539
26 0.5889423076923077 0.7944711538461539 0.07932692307692307 0.11538461538461539
4 0.7283653846153846 0.7379807692307693 0.07932692307692307 0.11298076923076923
7 0.5528846153846154 0.8088942307692307 0.07211538461538461 0.10576923076923077
21 0.7644230769230769 0.7247596153846154 0.07932692307692307 0.11298076923076923