11 0.5817307692307693 0.6286057692307693 0.20673076923076922 0.37259615384615385
30 0.2127403846153846 0.6646634615384616 0.21875 0.38221153846153844
7 0.32211538461538464 0.6598557692307693 0.20432692307692307 0.375
37 0.6911057692307693 0.6237980769230769 0.20432692307692307 0.3701923076923077
25 0.43028846153846156 0.6490384615384616 0.20192307692307693 0.3701923076923077
13 0.8052884615384616 0.6141826923076923 0.20432692307692307 0.3701923076923077
0 0.39663461538461536 0.8942307692307693 0.0673076923076923 0.11298076923076923
29 0.515625 0.8858173076923077 0.0625 0.11298076923076923
7 0.5516826923076923 0.8834134615384616 0.0625 0.11057692307692307
8 0.5925480769230769 0.8786057692307693 0.0625 0.10817307692307693
7 0.7079326923076923 0.8665865384615384 0.0673076923076923 0.11538461538461539
26 0.47716346153846156 0.890625 0.06971153846153846 0.11778846153846154
4 0.6310096153846154 0.8762019230769231 0.0673076923076923 0.11538461538461539
7 0.4362980769230769 0.8942307692307693 0.06009615384615385 0.10817307692307693
21 0.6694711538461539 0.8725961538461539 0.0673076923076923 0.11538461538461539