4 0.8966346153846154 0.8701923076923077 0.028846153846153848 0.06490384615384616
26 0.9615384615384616 0.8701923076923077 0.036057692307692304 0.07211538461538461
28 0.9182692307692307 0.8701923076923077 0.028846153846153848 0.06490384615384616
20 0.8485576923076923 0.875 0.036057692307692304 0.06971153846153846
30 0.875 0.875 0.028846153846153848 0.0673076923076923
29 0.9399038461538461 0.875 0.03125 0.07451923076923077
7 0.9807692307692307 0.875 0.03125 0.07211538461538461
32 0.15384615384615385 0.28846153846153844 0.10336538461538461 0.31009615384615385
4 0.20673076923076922 0.2860576923076923 0.10096153846153846 0.29086538461538464
11 0.9038461538461539 0.2692307692307692 0.08413461538461539 0.22596153846153846
0 0.09615384615384616 0.2932692307692308 0.11298076923076923 0.31971153846153844
30 0.7379807692307693 0.27403846153846156 0.09134615384615384 0.24759615384615385
22 0.2764423076923077 0.28846153846153844 0.09134615384615384 0.27403846153846156
27 0.3581730769230769 0.28846153846153844 0.07932692307692307 0.25
30 0.8341346153846154 0.27403846153846156 0.08653846153846154 0.23557692307692307
27 0.9519230769230769 0.2692307692307692 0.08173076923076923 0.23076923076923078
25 0.7884615384615384 0.27403846153846156 0.09134615384615384 0.24519230769230768
42 0.9759615384615384 0.2692307692307692 0.040865384615384616 0.23317307692307693
13 0.3173076923076923 0.2932692307692308 0.08173076923076923 0.2692307692307692
10 0.5865384615384616 0.3557692307692308 0.06490384615384616 0.17067307692307693
10 0.625 0.35336538461538464 0.0625 0.17307692307692307
30 0.4519230769230769 0.3605769230769231 0.0625 0.17067307692307693
29 0.5288461538461539 0.3581730769230769 0.0625 0.1778846153846154
0 0.6610576923076923 0.3557692307692308 0.06009615384615385 0.1778846153846154
4 0.49038461538461536 0.3629807692307692 0.0625 0.17067307692307693