0 0.4987980769230769 0.7139423076923077 0.057692307692307696 0.08653846153846154
22 0.5324519230769231 0.7067307692307693 0.055288461538461536 0.08173076923076923
2 0.671875 0.6778846153846154 0.0673076923076923 0.09375
22 0.5949519230769231 0.6959134615384616 0.057692307692307696 0.08653846153846154
16 0.7091346153846154 0.6694711538461539 0.06009615384615385 0.09375
20 0.6382211538461539 0.6875 0.07211538461538461 0.09615384615384616
19 0.5661057692307693 0.7055288461538461 0.06009615384615385 0.0889423076923077
7 0.7451923076923077 0.6682692307692307 0.06009615384615385 0.09375
6 0.24759615384615385 0.49038461538461536 0.2620192307692308 0.43509615384615385
42 0.671875 0.40024038461538464 0.24759615384615385 0.3942307692307692
23 0.5036057692307693 0.4423076923076923 0.25 0.40865384615384615
10 0.8028846153846154 0.375 0.25721153846153844 0.4014423076923077
7 0.375 0.46875 0.23798076923076922 0.38221153846153844