0 0.4951923076923077 0.7139423076923077 0.055288461538461536 0.08653846153846154
22 0.5288461538461539 0.7067307692307693 0.052884615384615384 0.08173076923076923
2 0.6682692307692307 0.6802884615384616 0.06490384615384616 0.09375
22 0.5913461538461539 0.6971153846153846 0.055288461538461536 0.08653846153846154
16 0.7067307692307693 0.6730769230769231 0.057692307692307696 0.09375
20 0.6346153846153846 0.6899038461538461 0.06971153846153846 0.09375
19 0.5625 0.7067307692307693 0.057692307692307696 0.0889423076923077
7 0.7427884615384616 0.6730769230769231 0.057692307692307696 0.09375
6 0.24759615384615385 0.4855769230769231 0.2548076923076923 0.43028846153846156
42 0.6730769230769231 0.40384615384615385 0.2403846153846154 0.3894230769230769
23 0.5048076923076923 0.4423076923076923 0.24278846153846154 0.40384615384615385
10 0.8052884615384616 0.3798076923076923 0.25 0.39663461538461536
7 0.375 0.46634615384615385 0.23076923076923078 0.37740384615384615