2 0.2692307692307692 0.6298076923076923 0.07211538461538461 0.11778846153846154
22 0.32211538461538464 0.6490384615384616 0.0673076923076923 0.11778846153846154
8 0.3701923076923077 0.6682692307692307 0.06490384615384616 0.10817307692307693
0 0.6826923076923077 0.7788461538461539 0.06971153846153846 0.11778846153846154
22 0.4182692307692308 0.6875 0.06971153846153846 0.11057692307692307
6 0.6105769230769231 0.7548076923076923 0.07211538461538461 0.11538461538461539
29 0.46634615384615385 0.7043269230769231 0.0625 0.10576923076923077
7 0.5192307692307693 0.7235576923076923 0.06490384615384616 0.10576923076923077
0 0.15384615384615385 0.34134615384615385 0.22115384615384615 0.3870192307692308
31 0.2932692307692308 0.3918269230769231 0.20673076923076922 0.3798076923076923
34 0.4375 0.44471153846153844 0.19471153846153846 0.375
37 0.6298076923076923 0.5168269230769231 0.20192307692307693 0.38221153846153844
37 0.7764423076923077 0.5745192307692307 0.20673076923076922 0.3918269230769231
37 0.90625 0.625 0.18269230769230768 0.3918269230769231