4 0.5144230769230769 0.9723557692307693 0.04807692307692308 0.055288461538461536
26 0.5769230769230769 0.9831730769230769 0.052884615384615384 0.03365384615384615
28 0.5336538461538461 0.9771634615384616 0.04807692307692308 0.04567307692307692
20 0.4699519230769231 0.9603365384615384 0.057692307692307696 0.07451923076923077
30 0.49399038461538464 0.9675480769230769 0.04807692307692308 0.0625
29 0.5528846153846154 0.9795673076923077 0.04807692307692308 0.040865384615384616
7 0.5961538461538461 0.9903846153846154 0.052884615384615384 0.019230769230769232
32 0.18509615384615385 0.17908653846153846 0.18509615384615385 0.3293269230769231
4 0.23197115384615385 0.1971153846153846 0.1778846153846154 0.31009615384615385
11 0.8713942307692307 0.4675480769230769 0.14423076923076922 0.24519230769230768
0 0.12860576923076922 0.16706730769230768 0.19951923076923078 0.33413461538461536
30 0.71875 0.40865384615384615 0.15384615384615385 0.2692307692307692
22 0.2920673076923077 0.22956730769230768 0.16346153846153846 0.2932692307692308
27 0.36778846153846156 0.2620192307692308 0.14423076923076922 0.2644230769230769
30 0.8052884615384616 0.44711538461538464 0.14903846153846154 0.25721153846153844
27 0.9098557692307693 0.4951923076923077 0.1346153846153846 0.24759615384615385
25 0.7632211538461539 0.4266826923076923 0.15384615384615385 0.2644230769230769
42 0.9278846153846154 0.5108173076923077 0.09134615384615384 0.24278846153846154
13 0.3293269230769231 0.25240384615384615 0.15144230769230768 0.2860576923076923
10 0.5348557692307693 0.4110576923076923 0.11057692307692307 0.18509615384615385
10 0.5673076923076923 0.42788461538461536 0.10817307692307693 0.1875
30 0.41346153846153844 0.3641826923076923 0.10576923076923077 0.18509615384615385
29 0.47836538461538464 0.39302884615384615 0.11057692307692307 0.19230769230769232
0 0.5997596153846154 0.44471153846153844 0.10817307692307693 0.19230769230769232
4 0.44591346153846156 0.38100961538461536 0.10817307692307693 0.18509615384615385