4 0.7608173076923077 0.9278846153846154 0.04807692307692308 0.07451923076923077
26 0.828125 0.9182692307692307 0.052884615384615384 0.08413461538461539
28 0.7848557692307693 0.9254807692307693 0.04807692307692308 0.07451923076923077
20 0.7139423076923077 0.9375 0.055288461538461536 0.08413461538461539
30 0.7379807692307693 0.9338942307692307 0.04807692307692308 0.07451923076923077
29 0.8040865384615384 0.921875 0.05048076923076923 0.08173076923076923
7 0.8521634615384616 0.9182692307692307 0.052884615384615384 0.08173076923076923
32 0.055288461538461536 0.42427884615384615 0.11057692307692307 0.3389423076923077
4 0.078125 0.4182692307692308 0.15625 0.32211538461538464
11 0.7620192307692307 0.31009615384615385 0.14903846153846154 0.25721153846153844
0 0.030048076923076924 0.4411057692307692 0.06009615384615385 0.34375
30 0.5973557692307693 0.3389423076923077 0.16105769230769232 0.27884615384615385
22 0.13701923076923078 0.41225961538461536 0.1658653846153846 0.30288461538461536
27 0.21875 0.39903846153846156 0.14903846153846154 0.27403846153846156
30 0.6923076923076923 0.3269230769230769 0.15144230769230768 0.2668269230769231
27 0.8088942307692307 0.3076923076923077 0.14423076923076922 0.2548076923076923
25 0.6478365384615384 0.3329326923076923 0.15865384615384615 0.27403846153846156
42 0.8569711538461539 0.3016826923076923 0.14423076923076922 0.2548076923076923
13 0.18028846153846154 0.4110576923076923 0.15625 0.2956730769230769
10 0.44711538461538464 0.4411057692307692 0.11298076923076923 0.19471153846153846
10 0.4831730769230769 0.4338942307692308 0.11057692307692307 0.19471153846153846
30 0.31490384615384615 0.4651442307692308 0.10817307692307693 0.19230769230769232
29 0.38822115384615385 0.4495192307692308 0.11057692307692307 0.19951923076923078
0 0.5216346153846154 0.43149038461538464 0.11057692307692307 0.19951923076923078
4 0.35336538461538464 0.46153846153846156 0.11057692307692307 0.19230769230769232