4 0.6682692307692307 0.9423076923076923 0.055288461538461536 0.06490384615384616
26 0.7307692307692307 0.9362980769230769 0.057692307692307696 0.04807692307692308
28 0.6887019230769231 0.9423076923076923 0.055288461538461536 0.055288461538461536
20 0.6213942307692307 0.9447115384615384 0.06971153846153846 0.08413461538461539
30 0.6466346153846154 0.9435096153846154 0.057692307692307696 0.06971153846153846
29 0.7067307692307693 0.9375 0.055288461538461536 0.05048076923076923
7 0.7512019230769231 0.9350961538461539 0.055288461538461536 0.036057692307692304
32 0.10817307692307693 0.2980769230769231 0.21634615384615385 0.35096153846153844
4 0.14783653846153846 0.3004807692307692 0.2283653846153846 0.3317307692307692
11 0.8401442307692307 0.3485576923076923 0.18509615384615385 0.2620192307692308
0 0.0829326923076923 0.29927884615384615 0.1658653846153846 0.36778846153846156
30 0.6766826923076923 0.3425480769230769 0.19951923076923078 0.2860576923076923
22 0.21634615384615385 0.3125 0.21153846153846154 0.3125
27 0.296875 0.31850961538461536 0.18990384615384615 0.28125
30 0.7704326923076923 0.34975961538461536 0.19230769230769232 0.27403846153846156
27 0.8858173076923077 0.36177884615384615 0.17548076923076922 0.2620192307692308
25 0.7247596153846154 0.3449519230769231 0.1971153846153846 0.28125
42 0.9086538461538461 0.3701923076923077 0.1346153846153846 0.25
13 0.25841346153846156 0.32091346153846156 0.19951923076923078 0.3004807692307692
10 0.5048076923076923 0.40384615384615385 0.14182692307692307 0.1971153846153846
10 0.5408653846153846 0.4098557692307692 0.13942307692307693 0.19951923076923078
30 0.3737980769230769 0.39903846153846156 0.13701923076923078 0.1971153846153846
29 0.44471153846153844 0.4050480769230769 0.14423076923076922 0.20432692307692307
0 0.5769230769230769 0.41466346153846156 0.14182692307692307 0.20432692307692307
4 0.4098557692307692 0.4050480769230769 0.13942307692307693 0.1971153846153846