0 0.5096153846153846 0.7139423076923077 0.06009615384615385 0.09134615384615384
22 0.5432692307692307 0.7043269230769231 0.057692307692307696 0.08413461538461539
2 0.6802884615384616 0.6682692307692307 0.07211538461538461 0.0985576923076923
22 0.6045673076923077 0.6899038461538461 0.06009615384615385 0.09134615384615384
16 0.71875 0.6586538461538461 0.06490384615384616 0.0985576923076923
20 0.6478365384615384 0.6802884615384616 0.07692307692307693 0.0985576923076923
19 0.5769230769230769 0.7019230769230769 0.06490384615384616 0.09375
7 0.7548076923076923 0.65625 0.06490384615384616 0.0985576923076923
6 0.24759615384615385 0.5036057692307693 0.28365384615384615 0.44711538461538464
42 0.6658653846153846 0.3918269230769231 0.2668269230769231 0.40625
23 0.5012019230769231 0.4423076923076923 0.2692307692307692 0.4206730769230769
10 0.7956730769230769 0.359375 0.2764423076923077 0.41346153846153844
7 0.37259615384615385 0.47475961538461536 0.25721153846153844 0.3918269230769231