11 0.34615384615384615 0.7403846153846154 0.10096153846153846 0.20432692307692307
10 0.2860576923076923 0.7163461538461539 0.10096153846153846 0.20432692307692307
46 0.40384615384615385 0.7668269230769231 0.10336538461538461 0.21153846153846154
0 0.13942307692307693 0.6586538461538461 0.10336538461538461 0.21634615384615385
20 0.1971153846153846 0.6875 0.11538461538461539 0.22596153846153846
20 0.07211538461538461 0.6442307692307693 0.11538461538461539 0.2283653846153846
18 0.5144230769230769 0.8269230769230769 0.11298076923076923 0.23076923076923078
19 0.5769230769230769 0.8557692307692307 0.10576923076923077 0.22115384615384615
30 0.6394230769230769 0.8822115384615384 0.11538461538461539 0.23076923076923078
27 0.7211538461538461 0.90625 0.12259615384615384 0.18269230769230768
39 0.7788461538461539 0.9230769230769231 0.11778846153846154 0.1466346153846154
46 0.84375 0.9399038461538461 0.125 0.11538461538461539
5 0.3125 0.11298076923076923 0.10336538461538461 0.15625
17 0.3629807692307692 0.12980769230769232 0.09615384615384616 0.17067307692307693
25 0.41346153846153844 0.15144230769230768 0.08653846153846154 0.16105769230769232
39 0.4879807692307692 0.18509615384615385 0.08173076923076923 0.15384615384615385
39 0.5384615384615384 0.2091346153846154 0.08173076923076923 0.16346153846153846
32 0.7740384615384616 0.30288461538461536 0.09375 0.18028846153846154
37 0.5865384615384616 0.23076923076923078 0.08413461538461539 0.16826923076923078
4 0.6682692307692307 0.2620192307692308 0.0889423076923077 0.17307692307692307
21 0.71875 0.2860576923076923 0.09375 0.19230769230769232
48 0.8509615384615384 0.34134615384615385 0.08173076923076923 0.17548076923076922
46 0.9086538461538461 0.36538461538461536 0.08653846153846154 0.17067307692307693
39 0.9567307692307693 0.38461538461538464 0.08413461538461539 0.17548076923076922
21 0.2692307692307692 0.35096153846153844 0.0985576923076923 0.18028846153846154
0 0.32211538461538464 0.375 0.09615384615384616 0.1875
27 0.4014423076923077 0.41346153846153844 0.10576923076923077 0.1971153846153846
27 0.4567307692307692 0.4423076923076923 0.10096153846153846 0.20192307692307693
16 0.6009615384615384 0.5 0.07932692307692307 0.17067307692307693
37 0.5120192307692307 0.47115384615384615 0.10096153846153846 0.20673076923076922
16 0.6538461538461539 0.53125 0.08653846153846154 0.18028846153846154
29 0.7115384615384616 0.5625 0.0889423076923077 0.18269230769230768
10 0.7884615384615384 0.6057692307692307 0.09615384615384616 0.18509615384615385
42 0.8461538461538461 0.6394230769230769 0.10336538461538461 0.19471153846153846
13 0.8990384615384616 0.6706730769230769 0.09615384615384616 0.18269230769230768