4 0.5480769230769231 0.9711538461538461 0.04326923076923077 0.055288461538461536
26 0.6105769230769231 0.9807692307692307 0.05048076923076923 0.036057692307692304
28 0.5673076923076923 0.9759615384615384 0.04567307692307692 0.04567307692307692
20 0.5024038461538461 0.9615384615384616 0.052884615384615384 0.07211538461538461
30 0.5264423076923077 0.9663461538461539 0.04326923076923077 0.06009615384615385
29 0.5865384615384616 0.9759615384615384 0.04567307692307692 0.040865384615384616
7 0.6298076923076923 0.9855769230769231 0.05048076923076923 0.02403846153846154
32 0.16346153846153846 0.20192307692307693 0.16346153846153846 0.31971153846153844
4 0.21153846153846154 0.21634615384615385 0.15625 0.3004807692307692
11 0.8677884615384616 0.4423076923076923 0.12740384615384615 0.23798076923076922
0 0.10576923076923077 0.1875 0.17548076923076922 0.33413461538461536
30 0.7115384615384616 0.3942307692307692 0.13701923076923078 0.25961538461538464
22 0.27403846153846156 0.24519230769230768 0.14423076923076922 0.28365384615384615
27 0.35096153846153844 0.27163461538461536 0.12740384615384615 0.25721153846153844
30 0.8004807692307693 0.4254807692307692 0.13221153846153846 0.24759615384615385
27 0.9086538461538461 0.46634615384615385 0.11778846153846154 0.2403846153846154
25 0.7572115384615384 0.40865384615384615 0.13701923076923078 0.2548076923076923
42 0.9278846153846154 0.4807692307692308 0.07451923076923077 0.23798076923076922
13 0.3125 0.2644230769230769 0.13221153846153846 0.2764423076923077
10 0.5288461538461539 0.40865384615384615 0.0985576923076923 0.1778846153846154
10 0.5625 0.4230769230769231 0.09615384615384616 0.18028846153846154
30 0.40384615384615385 0.3701923076923077 0.09375 0.1778846153846154
29 0.47115384615384615 0.3942307692307692 0.0985576923076923 0.18509615384615385
0 0.5961538461538461 0.4375 0.09615384615384616 0.18509615384615385
4 0.4375 0.38461538461538464 0.09615384615384616 0.1778846153846154