11 0.32572115384615385 0.7259615384615384 0.11778846153846154 0.21153846153846154
10 0.26802884615384615 0.6971153846153846 0.11778846153846154 0.21153846153846154
46 0.38100961538461536 0.7572115384615384 0.12259615384615384 0.21875
0 0.12740384615384615 0.6262019230769231 0.12259615384615384 0.22355769230769232
20 0.1814903846153846 0.6598557692307693 0.1346153846153846 0.23557692307692307
20 0.06370192307692307 0.6069711538461539 0.12740384615384615 0.23798076923076922
18 0.4855769230769231 0.8269230769230769 0.13221153846153846 0.2403846153846154
19 0.5456730769230769 0.8605769230769231 0.125 0.2283653846153846
30 0.6057692307692307 0.8858173076923077 0.1346153846153846 0.2283653846153846
27 0.6838942307692307 0.9134615384615384 0.13701923076923078 0.17307692307692307
39 0.7403846153846154 0.9338942307692307 0.12980769230769232 0.13221153846153846
46 0.8028846153846154 0.953125 0.1346153846153846 0.09375
5 0.3473557692307692 0.0985576923076923 0.11778846153846154 0.1658653846153846
17 0.3954326923076923 0.11899038461538461 0.11057692307692307 0.1778846153846154
25 0.44471153846153844 0.14543269230769232 0.10096153846153846 0.16826923076923078
39 0.515625 0.18509615384615385 0.09375 0.16105769230769232
39 0.5637019230769231 0.21394230769230768 0.09615384615384616 0.17067307692307693
32 0.7896634615384616 0.3269230769230769 0.10817307692307693 0.1875
37 0.609375 0.23918269230769232 0.0985576923076923 0.17548076923076922
4 0.6887019230769231 0.2776442307692308 0.10336538461538461 0.18028846153846154
21 0.7367788461538461 0.30649038461538464 0.11057692307692307 0.19951923076923078
48 0.8629807692307693 0.37259615384615385 0.09615384615384616 0.18269230769230768
46 0.9182692307692307 0.4014423076923077 0.10096153846153846 0.1778846153846154
39 0.9579326923076923 0.4230769230769231 0.08413461538461539 0.18269230769230768
21 0.28365384615384615 0.3317307692307692 0.11298076923076923 0.1875
0 0.33413461538461536 0.359375 0.11298076923076923 0.19471153846153846
27 0.4098557692307692 0.4050480769230769 0.12259615384615384 0.20673076923076922
27 0.46153846153846156 0.4387019230769231 0.11778846153846154 0.2091346153846154
16 0.6009615384615384 0.5084134615384616 0.09375 0.1778846153846154
37 0.5144230769230769 0.4723557692307692 0.11778846153846154 0.21394230769230768
16 0.6502403846153846 0.5444711538461539 0.10096153846153846 0.1875
29 0.7055288461538461 0.5805288461538461 0.10336538461538461 0.18990384615384615
10 0.7776442307692307 0.6310096153846154 0.11298076923076923 0.19230769230769232
42 0.8329326923076923 0.6694711538461539 0.1201923076923077 0.20192307692307693
13 0.8822115384615384 0.7043269230769231 0.11057692307692307 0.18990384615384615