2 0.25721153846153844 0.6045673076923077 0.08413461538461539 0.125
22 0.3076923076923077 0.6298076923076923 0.07932692307692307 0.125
8 0.35336538461538464 0.6538461538461539 0.07692307692307693 0.11538461538461539
0 0.6526442307692307 0.796875 0.08173076923076923 0.125
22 0.39903846153846156 0.6778846153846154 0.08173076923076923 0.11778846153846154
6 0.5829326923076923 0.7644230769230769 0.08413461538461539 0.12259615384615384
29 0.44471153846153844 0.6995192307692307 0.07211538461538461 0.11057692307692307
7 0.4951923076923077 0.7247596153846154 0.07451923076923077 0.11298076923076923
0 0.171875 0.30649038461538464 0.25961538461538464 0.40865384615384615
31 0.30528846153846156 0.3713942307692308 0.24519230769230768 0.39903846153846156
34 0.44350961538461536 0.4387019230769231 0.23317307692307693 0.3942307692307692
37 0.6274038461538461 0.5300480769230769 0.2403846153846154 0.4014423076923077
37 0.7668269230769231 0.6033653846153846 0.24759615384615385 0.4110576923076923
37 0.8894230769230769 0.6658653846153846 0.22115384615384615 0.40865384615384615