4 0.7307692307692307 0.9447115384615384 0.04326923076923077 0.07211538461538461
26 0.7980769230769231 0.9399038461538461 0.04807692307692308 0.08173076923076923
28 0.7548076923076923 0.9447115384615384 0.04326923076923077 0.07211538461538461
20 0.6826923076923077 0.9519230769230769 0.05048076923076923 0.08173076923076923
30 0.7067307692307693 0.9495192307692307 0.04326923076923077 0.07211538461538461
29 0.7740384615384616 0.9423076923076923 0.04567307692307692 0.07932692307692307
7 0.8221153846153846 0.9423076923076923 0.04807692307692308 0.07932692307692307
32 0.052884615384615384 0.3942307692307692 0.10336538461538461 0.3317307692307692
4 0.07692307692307693 0.3894230769230769 0.15144230769230768 0.3125
11 0.7740384615384616 0.3293269230769231 0.13221153846153846 0.24759615384615385
0 0.026442307692307692 0.40865384615384615 0.052884615384615384 0.34134615384615385
30 0.6081730769230769 0.34615384615384615 0.14182692307692307 0.2692307692307692
22 0.14423076923076922 0.3870192307692308 0.1466346153846154 0.2932692307692308
27 0.22596153846153846 0.3798076923076923 0.12980769230769232 0.2668269230769231
30 0.7043269230769231 0.34134615384615385 0.1346153846153846 0.25721153846153844
27 0.8221153846153846 0.3293269230769231 0.12740384615384615 0.24759615384615385
25 0.6586538461538461 0.34375 0.13942307692307693 0.2644230769230769
42 0.8701923076923077 0.3269230769230769 0.12740384615384615 0.24759615384615385
13 0.1875 0.3894230769230769 0.13701923076923078 0.2860576923076923
10 0.4519230769230769 0.4375 0.10096153846153846 0.1875
10 0.4879807692307692 0.4326923076923077 0.0985576923076923 0.1875
30 0.3173076923076923 0.4519230769230769 0.09615384615384616 0.18509615384615385
29 0.3918269230769231 0.4423076923076923 0.0985576923076923 0.19230769230769232
0 0.5264423076923077 0.4326923076923077 0.0985576923076923 0.19230769230769232
4 0.3557692307692308 0.4519230769230769 0.0985576923076923 0.18509615384615385