2 0.27163461538461536 0.6334134615384616 0.07451923076923077 0.1201923076923077
22 0.3245192307692308 0.6526442307692307 0.06971153846153846 0.11778846153846154
8 0.37259615384615385 0.6706730769230769 0.0673076923076923 0.10817307692307693
0 0.6875 0.7752403846153846 0.07211538461538461 0.11778846153846154
22 0.421875 0.6887019230769231 0.07211538461538461 0.11057692307692307
6 0.6153846153846154 0.7524038461538461 0.07451923076923077 0.11778846153846154
29 0.4699519230769231 0.7043269230769231 0.06490384615384616 0.10576923076923077
7 0.5228365384615384 0.7235576923076923 0.0673076923076923 0.10576923076923077
0 0.15144230769230768 0.3473557692307692 0.2283653846153846 0.3918269230769231
31 0.29086538461538464 0.3954326923076923 0.21394230769230768 0.38221153846153844
34 0.4362980769230769 0.44591346153846156 0.20192307692307693 0.37740384615384615
37 0.6298076923076923 0.5144230769230769 0.2091346153846154 0.38461538461538464
37 0.7776442307692307 0.5697115384615384 0.21394230769230768 0.3942307692307692
37 0.90625 0.6177884615384616 0.1875 0.3942307692307692