4 0.890625 0.8774038461538461 0.028846153846153848 0.06490384615384616
26 0.9555288461538461 0.8786057692307693 0.038461538461538464 0.07211538461538461
28 0.9122596153846154 0.8774038461538461 0.028846153846153848 0.06490384615384616
20 0.8425480769230769 0.8810096153846154 0.038461538461538464 0.06971153846153846
30 0.8689903846153846 0.8810096153846154 0.028846153846153848 0.0673076923076923
29 0.9326923076923077 0.8822115384615384 0.03365384615384615 0.07451923076923077
7 0.9735576923076923 0.8834134615384616 0.03365384615384615 0.07211538461538461
32 0.15745192307692307 0.2824519230769231 0.10817307692307693 0.3125
4 0.21033653846153846 0.28125 0.10576923076923077 0.2932692307692308
11 0.9074519230769231 0.2764423076923077 0.0889423076923077 0.2283653846153846
0 0.09975961538461539 0.2860576923076923 0.11778846153846154 0.32211538461538464
30 0.7415865384615384 0.2776442307692308 0.09615384615384616 0.25
22 0.2800480769230769 0.2848557692307692 0.09615384615384616 0.2764423076923077
27 0.36177884615384615 0.2860576923076923 0.08413461538461539 0.25240384615384615
30 0.8377403846153846 0.2800480769230769 0.09134615384615384 0.23798076923076922
27 0.9555288461538461 0.2776442307692308 0.08653846153846154 0.23317307692307693
25 0.7920673076923077 0.27884615384615385 0.09615384615384616 0.24759615384615385
42 0.9783653846153846 0.2776442307692308 0.04326923076923077 0.23317307692307693
13 0.32091346153846156 0.28966346153846156 0.08653846153846154 0.27163461538461536
10 0.5889423076923077 0.35697115384615385 0.0673076923076923 0.17067307692307693
10 0.6274038461538461 0.3557692307692308 0.06490384615384616 0.17307692307692307
30 0.4543269230769231 0.359375 0.06490384615384616 0.17067307692307693
29 0.53125 0.3581730769230769 0.06490384615384616 0.1778846153846154
0 0.6634615384615384 0.3581730769230769 0.0625 0.1778846153846154
4 0.49278846153846156 0.3629807692307692 0.06490384615384616 0.17067307692307693