4 0.9747596153846154 0.7632211538461539 0.04326923076923077 0.06971153846153846
28 0.9867788461538461 0.7584134615384616 0.026442307692307692 0.06971153846153846
20 0.9290865384615384 0.7800480769230769 0.052884615384615384 0.07692307692307693
30 0.9543269230769231 0.7728365384615384 0.04326923076923077 0.07211538461538461
32 0.11298076923076923 0.3786057692307692 0.17548076923076922 0.3269230769230769
4 0.16346153846153846 0.3629807692307692 0.16826923076923078 0.3076923076923077
11 0.8365384615384616 0.1778846153846154 0.13701923076923078 0.2403846153846154
0 0.07572115384615384 0.39663461538461536 0.15144230769230768 0.33653846153846156
30 0.6766826923076923 0.22355769230769232 0.14903846153846154 0.2620192307692308
22 0.23197115384615385 0.3485576923076923 0.15384615384615385 0.28846153846153844
27 0.3112980769230769 0.3293269230769231 0.13701923076923078 0.2620192307692308
30 0.7692307692307693 0.19951923076923078 0.14182692307692307 0.25
27 0.8822115384615384 0.16706730769230768 0.1346153846153846 0.24278846153846154
25 0.7247596153846154 0.21153846153846154 0.14903846153846154 0.25961538461538464
42 0.90625 0.16105769230769232 0.09615384615384616 0.23557692307692307
13 0.27283653846153844 0.34375 0.14423076923076922 0.28125
10 0.5492788461538461 0.3389423076923077 0.10336538461538461 0.18028846153846154
10 0.5853365384615384 0.3269230769230769 0.10336538461538461 0.18269230769230768
30 0.41947115384615385 0.3762019230769231 0.10096153846153846 0.18028846153846154
29 0.49399038461538464 0.3557692307692308 0.10336538461538461 0.1875
0 0.6213942307692307 0.32091346153846156 0.10096153846153846 0.1875
4 0.4579326923076923 0.36899038461538464 0.10096153846153846 0.18028846153846154