4 0.625 0.9723557692307693 0.057692307692307696 0.055288461538461536
26 0.6911057692307693 0.9747596153846154 0.06490384615384616 0.05048076923076923
28 0.6466346153846154 0.9747596153846154 0.057692307692307696 0.05048076923076923
20 0.5769230769230769 0.9675480769230769 0.0673076923076923 0.06490384615384616
30 0.5985576923076923 0.9723557692307693 0.057692307692307696 0.055288461538461536
29 0.6658653846153846 0.9747596153846154 0.0625 0.05048076923076923
7 0.7127403846153846 0.9795673076923077 0.06490384615384616 0.040865384615384616
32 0.08774038461538461 0.296875 0.17548076923076922 0.34615384615384615
4 0.11298076923076923 0.296875 0.21875 0.3389423076923077
11 0.8052884615384616 0.3954326923076923 0.18509615384615385 0.27163461538461536
0 0.06129807692307692 0.30408653846153844 0.12259615384615384 0.34375
30 0.6394230769230769 0.375 0.19951923076923078 0.2932692307692308
22 0.17908653846153846 0.31009615384615385 0.2091346153846154 0.31971153846153844
27 0.25961538461538464 0.32091346153846156 0.1875 0.28846153846153844
30 0.734375 0.3918269230769231 0.18990384615384615 0.28125
27 0.8521634615384616 0.40625 0.18028846153846154 0.2692307692307692
25 0.6899038461538461 0.38341346153846156 0.19471153846153846 0.28846153846153844
42 0.8990384615384616 0.41466346153846156 0.18028846153846154 0.2692307692307692
13 0.21995192307692307 0.32211538461538464 0.1971153846153846 0.31009615384615385
10 0.4675480769230769 0.42788461538461536 0.13942307692307693 0.20432692307692307
10 0.5036057692307693 0.43149038461538464 0.13701923076923078 0.20432692307692307
30 0.3329326923076923 0.41225961538461536 0.1346153846153846 0.20192307692307693
29 0.4074519230769231 0.41947115384615385 0.13942307692307693 0.2091346153846154
0 0.5408653846153846 0.43990384615384615 0.13942307692307693 0.2091346153846154
4 0.3701923076923077 0.4206730769230769 0.13701923076923078 0.20192307692307693