2 0.9711538461538461 0.42628205128205127 0.007211538461538462 0.022435897435897436
28 0.9807692307692307 0.42628205128205127 0.007211538461538462 0.022435897435897436
14 0.9951923076923077 0.42628205128205127 0.007211538461538462 0.022435897435897436
18 0.9615384615384616 0.42628205128205127 0.007211538461538462 0.022435897435897436
36 0.9759615384615384 0.42948717948717946 0.04807692307692308 0.04487179487179487
29 0.46875 0.7564102564102564 0.016826923076923076 0.04487179487179487
20 0.4879807692307692 0.7564102564102564 0.016826923076923076 0.04487179487179487
8 0.5072115384615384 0.7564102564102564 0.016826923076923076 0.04487179487179487
47 0.5336538461538461 0.7564102564102564 0.019230769230769232 0.04487179487179487
41 0.5528846153846154 0.7564102564102564 0.016826923076923076 0.04487179487179487
41 0.5721153846153846 0.7596153846153846 0.016826923076923076 0.04487179487179487
36 0.5192307692307693 0.7628205128205128 0.13221153846153846 0.08333333333333333
36 0.7139423076923077 0.1858974358974359 0.014423076923076924 0.009615384615384616
36 0.12259615384615384 0.2532051282051282 0.021634615384615384 0.01282051282051282