20 0.42908653846153844 0.6073717948717948 0.026442307692307692 0.05128205128205128
12 0.4963942307692308 0.6266025641025641 0.021634615384615384 0.04807692307692308
31 0.4495192307692308 0.6137820512820513 0.02403846153846154 0.04807692307692308
47 0.5180288461538461 0.6362179487179487 0.02403846153846154 0.04807692307692308
32 0.47115384615384615 0.6233974358974359 0.02403846153846154 0.04807692307692308
14 0.5384615384615384 0.6426282051282052 0.02403846153846154 0.05128205128205128
36 0.48197115384615385 0.6266025641025641 0.15625 0.1282051282051282
40 0.9951923076923077 0.3157051282051282 0.009615384615384616 0.022435897435897436
26 0.9723557692307693 0.3092948717948718 0.009615384615384616 0.019230769230769232
1 0.9867788461538461 0.3141025641025641 0.009615384615384616 0.022435897435897436
33 0.9651442307692307 0.3076923076923077 0.009615384615384616 0.022435897435897436
2 0.9567307692307693 0.30448717948717946 0.009615384615384616 0.022435897435897436
36 0.9723557692307693 0.3125 0.055288461538461536 0.060897435897435896
9 0.08774038461538461 0.15384615384615385 0.01201923076923077 0.022435897435897436
47 0.10697115384615384 0.15865384615384615 0.01201923076923077 0.022435897435897436
40 0.09735576923076923 0.15705128205128205 0.01201923076923077 0.022435897435897436
17 0.0673076923076923 0.14743589743589744 0.009615384615384616 0.019230769230769232
18 0.07692307692307693 0.15064102564102563 0.01201923076923077 0.022435897435897436
36 0.08774038461538461 0.15384615384615385 0.0673076923076923 0.057692307692307696