26 0.47475961538461536 0.5705128205128205 0.019230769230769232 0.038461538461538464
0 0.49399038461538464 0.5689102564102564 0.019230769230769232 0.038461538461538464
38 0.5108173076923077 0.5657051282051282 0.019230769230769232 0.038461538461538464
43 0.5348557692307693 0.5641025641025641 0.019230769230769232 0.038461538461538464
12 0.5492788461538461 0.5592948717948718 0.016826923076923076 0.035256410256410256
40 0.5685096153846154 0.5560897435897436 0.019230769230769232 0.035256410256410256
36 0.5240384615384616 0.5689102564102564 0.13221153846153846 0.10256410256410256
43 0.9314903846153846 0.09294871794871795 0.009615384615384616 0.022435897435897436
49 0.9507211538461539 0.08814102564102565 0.007211538461538462 0.016025641025641024
20 0.8990384615384616 0.10096153846153846 0.01201923076923077 0.02564102564102564
25 0.9170673076923077 0.09615384615384616 0.009615384615384616 0.022435897435897436
28 0.9086538461538461 0.09775641025641026 0.01201923076923077 0.02564102564102564
36 0.9194711538461539 0.09455128205128205 0.06971153846153846 0.057692307692307696
43 0.9411057692307693 0.08974358974358974 0.01201923076923077 0.02564102564102564