40 0.5721153846153846 0.5032051282051282 0.02403846153846154 0.05448717948717949
40 0.5961538461538461 0.5048076923076923 0.02403846153846154 0.05448717948717949
33 0.49038461538461536 0.5 0.021634615384615384 0.05448717948717949
26 0.5144230769230769 0.5 0.02403846153846154 0.05448717948717949
1 0.5480769230769231 0.5048076923076923 0.021634615384615384 0.05448717948717949
2 0.46875 0.5016025641025641 0.02403846153846154 0.05448717948717949
36 0.53125 0.5080128205128205 0.16826923076923078 0.11217948717948718
2 0.15985576923076922 0.3333333333333333 0.007211538461538462 0.016025641025641024
40 0.1814903846153846 0.3349358974358974 0.007211538461538462 0.016025641025641024
5 0.15264423076923078 0.3333333333333333 0.007211538461538462 0.016025641025641024
31 0.16947115384615385 0.3333333333333333 0.007211538461538462 0.016025641025641024
43 0.19831730769230768 0.3349358974358974 0.007211538461538462 0.016025641025641024
49 0.18870192307692307 0.33814102564102566 0.007211538461538462 0.016025641025641024
36 0.17668269230769232 0.33814102564102566 0.0625 0.04487179487179487