30 0.5168269230769231 0.5881410256410257 0.019230769230769232 0.04807692307692308
40 0.5456730769230769 0.5881410256410257 0.016826923076923076 0.04487179487179487
49 0.5865384615384616 0.5913461538461539 0.016826923076923076 0.04487179487179487
33 0.49759615384615385 0.5865384615384616 0.019230769230769232 0.04807692307692308
9 0.5673076923076923 0.5897435897435898 0.019230769230769232 0.04807692307692308
2 0.47596153846153844 0.5849358974358975 0.016826923076923076 0.04487179487179487
36 0.53125 0.5977564102564102 0.14423076923076922 0.09294871794871795
20 0.8569711538461539 0.391025641025641 0.007211538461538462 0.019230769230769232
33 0.8665865384615384 0.3926282051282051 0.007211538461538462 0.019230769230769232
35 0.8762019230769231 0.3926282051282051 0.007211538461538462 0.019230769230769232
1 0.8882211538461539 0.3926282051282051 0.007211538461538462 0.019230769230769232
40 0.8978365384615384 0.3926282051282051 0.007211538461538462 0.019230769230769232
49 0.9074519230769231 0.3942307692307692 0.007211538461538462 0.019230769230769232
36 0.8822115384615384 0.3958333333333333 0.06971153846153846 0.05128205128205128
16 0.08653846153846154 0.3814102564102564 0.004807692307692308 0.016025641025641024
23 0.10096153846153846 0.3814102564102564 0.004807692307692308 0.01282051282051282
43 0.11057692307692307 0.38301282051282054 0.004807692307692308 0.01282051282051282
7 0.09375 0.3814102564102564 0.004807692307692308 0.016025641025641024
47 0.11778846153846154 0.38301282051282054 0.004807692307692308 0.016025641025641024
40 0.125 0.38301282051282054 0.004807692307692308 0.016025641025641024
36 0.10576923076923077 0.38621794871794873 0.055288461538461536 0.035256410256410256