26 0.46634615384615385 0.5641025641025641 0.014423076923076924 0.035256410256410256
0 0.4855769230769231 0.5673076923076923 0.014423076923076924 0.035256410256410256
38 0.5024038461538461 0.5673076923076923 0.014423076923076924 0.035256410256410256
43 0.5264423076923077 0.5705128205128205 0.014423076923076924 0.035256410256410256
12 0.5408653846153846 0.5705128205128205 0.01201923076923077 0.03205128205128205
40 0.5600961538461539 0.5705128205128205 0.014423076923076924 0.03205128205128205
36 0.5144230769230769 0.5737179487179487 0.125 0.07371794871794872
43 0.9783653846153846 0.1987179487179487 0.007211538461538462 0.022435897435897436
49 0.9975961538461539 0.1987179487179487 0.004807692307692308 0.016025641025641024
20 0.9447115384615384 0.1987179487179487 0.009615384615384616 0.022435897435897436
25 0.9639423076923077 0.1987179487179487 0.007211538461538462 0.022435897435897436
28 0.9543269230769231 0.1987179487179487 0.009615384615384616 0.022435897435897436
36 0.9663461538461539 0.1987179487179487 0.06490384615384616 0.04487179487179487
43 0.9879807692307693 0.1987179487179487 0.009615384615384616 0.022435897435897436