30 0.5192307692307693 0.5865384615384616 0.016826923076923076 0.04807692307692308
40 0.5480769230769231 0.5865384615384616 0.016826923076923076 0.04487179487179487
49 0.5889423076923077 0.5865384615384616 0.016826923076923076 0.04487179487179487
33 0.5 0.5865384615384616 0.016826923076923076 0.04807692307692308
9 0.5697115384615384 0.5865384615384616 0.016826923076923076 0.04807692307692308
2 0.47836538461538464 0.5865384615384616 0.016826923076923076 0.04487179487179487
36 0.5336538461538461 0.5961538461538461 0.14182692307692307 0.08653846153846154
20 0.8533653846153846 0.375 0.007211538461538462 0.019230769230769232
33 0.8629807692307693 0.375 0.007211538461538462 0.019230769230769232
35 0.8725961538461539 0.375 0.007211538461538462 0.019230769230769232
1 0.8846153846153846 0.375 0.007211538461538462 0.019230769230769232
40 0.8942307692307693 0.375 0.007211538461538462 0.019230769230769232
49 0.9038461538461539 0.375 0.007211538461538462 0.019230769230769232
36 0.8798076923076923 0.3782051282051282 0.0673076923076923 0.04807692307692308
16 0.08413461538461539 0.40064102564102566 0.004807692307692308 0.016025641025641024
23 0.0985576923076923 0.40064102564102566 0.004807692307692308 0.01282051282051282
43 0.10817307692307693 0.40064102564102566 0.004807692307692308 0.01282051282051282
7 0.09134615384615384 0.40064102564102566 0.004807692307692308 0.016025641025641024
47 0.11538461538461539 0.40064102564102566 0.004807692307692308 0.016025641025641024
40 0.12259615384615384 0.40064102564102566 0.004807692307692308 0.016025641025641024
36 0.10336538461538461 0.40384615384615385 0.055288461538461536 0.03205128205128205