41 0.5 0.5662393162393162 0.019230769230769232 0.05555555555555555
45 0.484375 0.5726495726495726 0.016826923076923076 0.05128205128205128
47 0.4675480769230769 0.5769230769230769 0.019230769230769232 0.05555555555555555
7 0.44350961538461536 0.5876068376068376 0.019230769230769232 0.05555555555555555
7 0.42788461538461536 0.5961538461538461 0.019230769230769232 0.05555555555555555
19 0.40865384615384615 0.6047008547008547 0.021634615384615384 0.05555555555555555
36 0.4567307692307692 0.5897435897435898 0.12980769230769232 0.1452991452991453
30 0.9098557692307693 0.002136752136752137 0.002403846153846154 0.004273504273504274
36 0.9146634615384616 0.00641025641025641 0.021634615384615384 0.01282051282051282
47 0.71875 0.14743589743589744 0.007211538461538462 0.017094017094017096
19 0.6971153846153846 0.15384615384615385 0.007211538461538462 0.017094017094017096
45 0.7067307692307693 0.1517094017094017 0.007211538461538462 0.017094017094017096
43 0.7115384615384616 0.14957264957264957 0.007211538461538462 0.017094017094017096
8 0.6899038461538461 0.1581196581196581 0.007211538461538462 0.017094017094017096
8 0.6826923076923077 0.16025641025641027 0.007211538461538462 0.017094017094017096
36 0.7019230769230769 0.15384615384615385 0.05048076923076923 0.05555555555555555
25 0.8377403846153846 0.11538461538461539 0.004807692307692308 0.01282051282051282
16 0.828125 0.11752136752136752 0.004807692307692308 0.01282051282051282
7 0.8329326923076923 0.11752136752136752 0.004807692307692308 0.01282051282051282
9 0.8449519230769231 0.1111111111111111 0.004807692307692308 0.01282051282051282
12 0.8485576923076923 0.1111111111111111 0.004807692307692308 0.01282051282051282
43 0.8533653846153846 0.10897435897435898 0.004807692307692308 0.01282051282051282
36 0.8425480769230769 0.11324786324786325 0.036057692307692304 0.042735042735042736