40 0.5721153846153846 0.5 0.021634615384615384 0.05448717948717949
40 0.5961538461538461 0.5 0.021634615384615384 0.05448717948717949
33 0.49038461538461536 0.5 0.019230769230769232 0.05448717948717949
26 0.5144230769230769 0.5 0.021634615384615384 0.05448717948717949
1 0.5480769230769231 0.5032051282051282 0.019230769230769232 0.05448717948717949
2 0.46875 0.5032051282051282 0.021634615384615384 0.05448717948717949
36 0.53125 0.5064102564102564 0.1658653846153846 0.10576923076923077
2 0.15625 0.34935897435897434 0.007211538461538462 0.016025641025641024
40 0.1778846153846154 0.34935897435897434 0.007211538461538462 0.016025641025641024
5 0.14903846153846154 0.34935897435897434 0.007211538461538462 0.016025641025641024
31 0.1658653846153846 0.34935897435897434 0.007211538461538462 0.016025641025641024
43 0.19471153846153846 0.34935897435897434 0.007211538461538462 0.016025641025641024
49 0.18509615384615385 0.3525641025641026 0.007211538461538462 0.016025641025641024
36 0.17307692307692307 0.3525641025641026 0.0625 0.041666666666666664