26 0.47836538461538464 0.5721153846153846 0.019230769230769232 0.038461538461538464
0 0.49759615384615385 0.5705128205128205 0.019230769230769232 0.038461538461538464
38 0.5132211538461539 0.5641025641025641 0.019230769230769232 0.038461538461538464
43 0.5372596153846154 0.5608974358974359 0.019230769230769232 0.038461538461538464
12 0.5516826923076923 0.5560897435897436 0.016826923076923076 0.035256410256410256
40 0.5709134615384616 0.5512820512820513 0.019230769230769232 0.035256410256410256
36 0.5264423076923077 0.5673076923076923 0.1346153846153846 0.10897435897435898
43 0.9158653846153846 0.0625 0.009615384615384616 0.022435897435897436
49 0.9338942307692307 0.057692307692307696 0.007211538461538462 0.016025641025641024
20 0.8822115384615384 0.07371794871794872 0.01201923076923077 0.02564102564102564
25 0.9014423076923077 0.0673076923076923 0.009615384615384616 0.022435897435897436
28 0.8918269230769231 0.07051282051282051 0.01201923076923077 0.02564102564102564
36 0.9038461538461539 0.0673076923076923 0.06971153846153846 0.0641025641025641
43 0.9242788461538461 0.05929487179487179 0.01201923076923077 0.02564102564102564