20 0.44711538461538464 0.625 0.019230769230769232 0.04807692307692308
12 0.5168269230769231 0.625 0.014423076923076924 0.04487179487179487
31 0.46875 0.625 0.016826923076923076 0.04487179487179487
47 0.5384615384615384 0.6282051282051282 0.016826923076923076 0.04487179487179487
32 0.49038461538461536 0.6282051282051282 0.016826923076923076 0.04487179487179487
14 0.5600961538461539 0.6282051282051282 0.016826923076923076 0.04807692307692308
36 0.5024038461538461 0.6282051282051282 0.1466346153846154 0.08974358974358974
40 0.9663461538461539 0.18269230769230768 0.007211538461538462 0.022435897435897436
40 0.9567307692307693 0.18269230769230768 0.007211538461538462 0.022435897435897436
26 0.9326923076923077 0.18269230769230768 0.007211538461538462 0.019230769230769232
1 0.9471153846153846 0.18269230769230768 0.007211538461538462 0.022435897435897436
33 0.9254807692307693 0.18269230769230768 0.007211538461538462 0.022435897435897436
2 0.9158653846153846 0.18269230769230768 0.007211538461538462 0.022435897435897436
36 0.9399038461538461 0.1858974358974359 0.0625 0.04487179487179487
9 0.04326923076923077 0.27564102564102566 0.009615384615384616 0.019230769230769232
47 0.0625 0.27564102564102566 0.009615384615384616 0.019230769230769232
40 0.052884615384615384 0.27564102564102566 0.009615384615384616 0.019230769230769232
17 0.021634615384615384 0.27564102564102566 0.007211538461538462 0.019230769230769232
18 0.03125 0.27564102564102566 0.009615384615384616 0.019230769230769232
36 0.04326923076923077 0.27564102564102566 0.0625 0.041666666666666664