41 0.49278846153846156 0.5641025641025641 0.014423076923076924 0.05128205128205128
45 0.47596153846153844 0.5641025641025641 0.01201923076923077 0.04700854700854701
47 0.45913461538461536 0.5641025641025641 0.014423076923076924 0.05128205128205128
7 0.43509615384615385 0.5641025641025641 0.014423076923076924 0.05128205128205128
7 0.4182692307692308 0.5683760683760684 0.014423076923076924 0.05128205128205128
19 0.39903846153846156 0.5683760683760684 0.016826923076923076 0.05128205128205128
36 0.44711538461538464 0.5726495726495726 0.1201923076923077 0.10256410256410256
9 0.9663461538461539 0.1623931623931624 0.002403846153846154 0.008547008547008548
49 0.9711538461538461 0.1623931623931624 0.002403846153846154 0.008547008547008548
30 0.9591346153846154 0.1623931623931624 0.002403846153846154 0.008547008547008548
9 0.9639423076923077 0.1623931623931624 0.002403846153846154 0.008547008547008548
36 0.9639423076923077 0.1623931623931624 0.019230769230769232 0.021367521367521368
47 0.7548076923076923 0.23504273504273504 0.004807692307692308 0.017094017094017096
19 0.7331730769230769 0.23504273504273504 0.004807692307692308 0.017094017094017096
45 0.7427884615384616 0.23504273504273504 0.004807692307692308 0.017094017094017096
43 0.7475961538461539 0.23504273504273504 0.004807692307692308 0.017094017094017096
8 0.7259615384615384 0.23504273504273504 0.004807692307692308 0.017094017094017096
8 0.71875 0.23504273504273504 0.004807692307692308 0.017094017094017096
36 0.7379807692307693 0.23504273504273504 0.04807692307692308 0.038461538461538464
25 0.875 0.24786324786324787 0.002403846153846154 0.01282051282051282
16 0.8653846153846154 0.24786324786324787 0.002403846153846154 0.01282051282051282
7 0.8701923076923077 0.24786324786324787 0.002403846153846154 0.01282051282051282
9 0.8822115384615384 0.24786324786324787 0.002403846153846154 0.01282051282051282
12 0.8870192307692307 0.24786324786324787 0.002403846153846154 0.01282051282051282
43 0.8918269230769231 0.24786324786324787 0.002403846153846154 0.01282051282051282
36 0.8798076923076923 0.24786324786324787 0.03365384615384615 0.029914529914529916