2 0.9627403846153846 0.3605769230769231 0.009615384615384616 0.022435897435897436
28 0.9723557692307693 0.358974358974359 0.009615384615384616 0.022435897435897436
14 0.9867788461538461 0.3573717948717949 0.009615384615384616 0.022435897435897436
18 0.953125 0.36217948717948717 0.009615384615384616 0.022435897435897436
36 0.9675480769230769 0.36378205128205127 0.05048076923076923 0.05128205128205128
29 0.4891826923076923 0.7596153846153846 0.019230769230769232 0.04807692307692308
20 0.5084134615384616 0.7564102564102564 0.019230769230769232 0.04807692307692308
8 0.5276442307692307 0.7532051282051282 0.019230769230769232 0.04807692307692308
47 0.5540865384615384 0.75 0.021634615384615384 0.04807692307692308
41 0.5721153846153846 0.7483974358974359 0.019230769230769232 0.04807692307692308
41 0.5925480769230769 0.7483974358974359 0.019230769230769232 0.04807692307692308
36 0.5396634615384616 0.7580128205128205 0.13701923076923078 0.10256410256410256
36 0.6887019230769231 0.15705128205128205 0.014423076923076924 0.01282051282051282
36 0.10576923076923077 0.3076923076923077 0.021634615384615384 0.016025641025641024