41 0.4951923076923077 0.5641025641025641 0.016826923076923076 0.05128205128205128
45 0.47836538461538464 0.5662393162393162 0.014423076923076924 0.04700854700854701
47 0.46153846153846156 0.5683760683760684 0.016826923076923076 0.05128205128205128
7 0.4375 0.5705128205128205 0.016826923076923076 0.05128205128205128
7 0.4206730769230769 0.5769230769230769 0.016826923076923076 0.05128205128205128
19 0.4014423076923077 0.5769230769230769 0.019230769230769232 0.05128205128205128
36 0.4495192307692308 0.5769230769230769 0.12259615384615384 0.11538461538461539
9 0.9555288461538461 0.11965811965811966 0.002403846153846154 0.008547008547008548
49 0.9603365384615384 0.11965811965811966 0.002403846153846154 0.008547008547008548
30 0.9483173076923077 0.11965811965811966 0.002403846153846154 0.008547008547008548
9 0.953125 0.11965811965811966 0.002403846153846154 0.008547008547008548
36 0.953125 0.11965811965811966 0.019230769230769232 0.021367521367521368
47 0.7463942307692307 0.21153846153846154 0.004807692307692308 0.017094017094017096
19 0.7247596153846154 0.21367521367521367 0.004807692307692308 0.017094017094017096
45 0.734375 0.21367521367521367 0.004807692307692308 0.017094017094017096
43 0.7391826923076923 0.21153846153846154 0.004807692307692308 0.017094017094017096
8 0.7175480769230769 0.21367521367521367 0.004807692307692308 0.017094017094017096
8 0.7103365384615384 0.21581196581196582 0.004807692307692308 0.017094017094017096
36 0.7295673076923077 0.21367521367521367 0.04807692307692308 0.042735042735042736
25 0.8665865384615384 0.21367521367521367 0.002403846153846154 0.01282051282051282
16 0.8569711538461539 0.21367521367521367 0.002403846153846154 0.01282051282051282
7 0.8617788461538461 0.21367521367521367 0.002403846153846154 0.01282051282051282
9 0.8737980769230769 0.21367521367521367 0.002403846153846154 0.01282051282051282
12 0.8786057692307693 0.21153846153846154 0.002403846153846154 0.01282051282051282
43 0.8834134615384616 0.21153846153846154 0.002403846153846154 0.01282051282051282
36 0.8713942307692307 0.21367521367521367 0.03365384615384615 0.03418803418803419