40 0.5709134615384616 0.483974358974359 0.028846153846153848 0.057692307692307696
40 0.5949519230769231 0.4775641025641026 0.028846153846153848 0.057692307692307696
33 0.49038461538461536 0.5016025641025641 0.026442307692307692 0.057692307692307696
26 0.5144230769230769 0.4967948717948718 0.028846153846153848 0.057692307692307696
1 0.5480769230769231 0.49198717948717946 0.026442307692307692 0.057692307692307696
2 0.4699519230769231 0.5096153846153846 0.028846153846153848 0.057692307692307696
36 0.53125 0.4983974358974359 0.1778846153846154 0.14102564102564102
2 0.14182692307692307 0.4310897435897436 0.009615384615384616 0.016025641025641024
40 0.16346153846153846 0.42628205128205127 0.009615384615384616 0.016025641025641024
5 0.1346153846153846 0.4326923076923077 0.009615384615384616 0.016025641025641024
31 0.15144230769230768 0.42948717948717946 0.009615384615384616 0.016025641025641024
43 0.18028846153846154 0.4230769230769231 0.009615384615384616 0.016025641025641024
49 0.17067307692307693 0.42788461538461536 0.009615384615384616 0.016025641025641024
36 0.15865384615384615 0.4310897435897436 0.0673076923076923 0.05448717948717949